1 0.544021 0.544021 0.544021 0.544021
2 2.20099 0.631883 0.0844921 0.00660519
3 0.255235 0.0145207 0.000427421 7.68966e-06
4 0.0232911 0.000569122 7.28908e-06 5.74541e-08
5 0.00608807 8.27228e-05 5.91635e-07 2.61021e-09
6 0.00230104 1.99055e-05 9.0809e-08 2.55824e-10
7 0.00106418 6.37492e-06 2.01596e-08 3.9391e-11
8 0.000560418 2.46229e-06 5.71453e-09 8.19789e-12
9 0.000323358 1.08655e-06 1.9293e-09 2.11775e-12
10 0.000199716 5.29843e-07 7.42989e-10 6.44595e-13
11 0.000130038 2.7929e-07 3.17122e-10 2.226e-13
12 8.83197e-05 1.56706e-07 1.47015e-10 8.52651e-14
13 6.20945e-05 9.25493e-08 7.29423e-11 3.58602e-14
14 4.49333e-05 5.70509e-08 3.83071e-11 1.57652e-14
15 3.33191e-05 3.647e-08 2.11124e-11 7.66054e-15
16 2.52304e-05 2.40533e-08 1.21297e-11 2.55351e-15
17 1.94563e-05 1.63005e-08 7.22389e-12 1.9984e-15
18 1.52449e-05 1.13126e-08 4.44045e-12 8.88178e-16
19 1.21147e-05 8.01799e-09 2.80742e-12 4.44089e-16
20 9.74873e-06 5.7904e-09 1.81943e-12 2.22045e-16
21 7.93356e-06 4.25255e-09 1.20615e-12 0
22 6.52212e-06 3.1708e-09 8.15792e-13 4.44089e-16
23 5.41123e-06 2.39689e-09 5.61773e-13 3.33067e-16
24 4.52723e-06 1.83467e-09 3.93463e-13 0
25 3.81667e-06 1.42046e-09 2.8022e-13 2.22045e-16
26 3.24027e-06 1.11136e-09 2.01728e-13 0
27 2.76873e-06 8.7796e-10 1.47216e-13 4.44089e-16
28 2.37997e-06 6.99798e-10 1.0858e-13 2.22045e-16
29 2.05713e-06 5.62425e-10 8.12683e-14 2.22045e-16
30 1.78723e-06 4.55509e-10 6.13953e-14 1.11022e-16
31 1.5602e-06 3.71571e-10 4.65183e-14 3.33067e-16
32 1.36811e-06 3.05137e-10 3.59712e-14 1.11022e-16
33 1.2047e-06 2.52156e-10 2.77556e-14 4.44089e-16
34 1.06499e-06 2.09605e-10 2.15383e-14 3.33067e-16
35 9.44953e-07 1.75199e-10 1.68754e-14 2.22045e-16
36 8.41369e-07 1.47206e-10 1.35447e-14 2.22045e-16
37 7.516e-07 1.24294e-10 1.08802e-14 0
38 6.73493e-07 1.05438e-10 8.88178e-15 4.44089e-16
39 6.05276e-07 8.98356e-11 7.21645e-15 3.33067e-16
40 5.45482e-07 7.68616e-11 5.9952e-15 4.44089e-16
41 4.92895e-07 6.60221e-11 4.55191e-15 0
42 4.46496e-07 5.69249e-11 3.77476e-15 1.11022e-16
43 4.05431e-07 4.92574e-11 2.55351e-15 1.11022e-16
44 3.68981e-07 4.27676e-11 2.88658e-15 3.33067e-16
45 3.36538e-07 3.72539e-11 1.88738e-15 4.44089e-16
46 3.07584e-07 3.25525e-11 1.55431e-15 2.22045e-16
47 2.81678e-07 2.85285e-11 1.33227e-15 2.22045e-16
48 2.58443e-07 2.50733e-11 1.11022e-15 2.22045e-16
49 2.37556e-07 2.20965e-11 5.55112e-16 4.44089e-16
50 2.18737e-07 1.95239e-11 8.88178e-16 1.11022e-16
51 2.01745e-07 1.72946e-11 5.55112e-16 2.22045e-16
52 1.86372e-07 1.53563e-11 4.44089e-16 3.33067e-16
53 1.72436e-07 1.36666e-11 1.11022e-15 0
54 1.59779e-07 1.21897e-11 4.44089e-16 0
55 1.48262e-07 1.08958e-11 3.33067e-16 0
56 1.37764e-07 9.75953e-12 6.66134e-16 2.22045e-16
57 1.2818e-07 8.75922e-12 2.22045e-16 0
58 1.19415e-07 7.87648e-12 2.22045e-16 2.22045e-16
59 1.11386e-07 7.09544e-12 2.22045e-16 4.44089e-16
60 1.04021e-07 6.40377e-12 3.33067e-16 4.44089e-16
61 9.72546e-08 5.78937e-12 5.55112e-16 1.11022e-16
62 9.10297e-08 5.24236e-12 4.44089e-16 3.33067e-16
63 8.52951e-08 4.75553e-12 1.11022e-16 5.55112e-16
64 8.0005e-08 4.31943e-12 6.66134e-16 2.22045e-16
65 7.51188e-08 3.9303e-12 1.11022e-16 0
66 7.06e-08 3.58114e-12 0 0
67 6.6416e-08 3.26716e-12 1.11022e-16 4.44089e-16
68 6.25374e-08 2.9855e-12 1.11022e-16 3.33067e-16
69 5.89379e-08 2.73115e-12 1.11022e-16 4.44089e-16
70 5.55937e-08 2.50266e-12 0 1.11022e-16
71 5.24833e-08 2.29528e-12 4.44089e-16 2.22045e-16
72 4.95875e-08 2.10798e-12 3.33067e-16 2.22045e-16
73 4.68887e-08 1.93889e-12 0 4.44089e-16
74 4.4371e-08 1.78391e-12 1.11022e-16 0
75 4.20201e-08 1.64435e-12 1.11022e-16 1.11022e-16
76 3.98228e-08 1.5169e-12 0 3.33067e-16
77 3.77673e-08 1.40099e-12 0 3.33067e-16
78 3.58428e-08 1.29541e-12 1.11022e-16 4.44089e-16
79 3.40393e-08 1.19915e-12 2.22045e-16 2.22045e-16
80 3.23478e-08 1.11067e-12 4.44089e-16 6.66134e-16
81 3.07601e-08 1.02995e-12 1.11022e-16 2.22045e-16
82 2.92686e-08 9.56346e-13 1.11022e-16 1.11022e-16
83 2.78665e-08 8.88289e-13 1.11022e-16 1.11022e-16
84 2.65473e-08 8.26006e-13 0 6.66134e-16
85 2.53052e-08 7.68718e-13 4.44089e-16 4.44089e-16
86 2.4135e-08 7.15761e-13 2.22045e-16 1.11022e-16
87 2.30316e-08 6.67466e-13 2.22045e-16 3.33067e-16
88 2.19906e-08 6.23057e-13 0 3.33067e-16
89 2.10077e-08 5.81091e-13 1.11022e-16 0
90 2.00792e-08 5.42677e-13 1.11022e-16 2.22045e-16
91 1.92014e-08 5.08038e-13 3.33067e-16 2.22045e-16
92 1.8371e-08 4.74842e-13 2.22045e-16 2.22045e-16
93 1.7585e-08 4.45199e-13 4.44089e-16 3.33067e-16
94 1.68407e-08 4.16889e-13 0 2.22045e-16
95 1.61353e-08 3.91465e-13 3.33067e-16 6.66134e-16
96 1.54664e-08 3.67373e-13 0 2.22045e-16
97 1.48319e-08 3.44835e-13 2.22045e-16 0
98 1.42296e-08 3.24185e-13 2.22045e-16 1.11022e-16
99 1.36575e-08 3.04867e-13 4.44089e-16 1.11022e-16
100 1.31139e-08 2.86771e-13 1.11022e-16 1.11022e-16