24.2679
553.533
3015.83
9762.68
24093
50248.6
93413.8
159716
256224
390951
572852
811824
1.11871e+06
1.50529e+06
1.98428e+06
2.56937e+06
3.27515e+06
4.11719e+06
5.11197e+06
6.27694e+06
7.63048e+06
9.19191e+06
1.09815e+07
1.30204e+07
1.53309e+07
1.7936e+07
2.08597e+07
2.41271e+07
2.7764e+07
3.17974e+07
3.62549e+07
4.11654e+07
4.65586e+07
5.24651e+07
5.89165e+07
6.59453e+07
7.3585e+07
8.18699e+07
9.08354e+07
1.00518e+08
1.10954e+08
1.22183e+08
1.34244e+08
1.47176e+08
1.6102e+08
1.75819e+08
1.91615e+08
2.08452e+08
2.26375e+08
2.4543e+08
2.65664e+08
2.87123e+08
3.09856e+08
3.33914e+08
3.59346e+08
3.86204e+08
4.1454e+08
4.44407e+08
4.7586e+08
5.08953e+08
5.43743e+08
5.80287e+08
6.18643e+08
6.58869e+08
7.01026e+08
7.45175e+08
7.91376e+08
8.39693e+08
8.9019e+08
9.4293e+08
9.9798e+08
1.05541e+09
1.11528e+09
1.17766e+09
1.24262e+09
1.31023e+09
1.38057e+09
1.4537e+09
1.52969e+09
1.60863e+09
1.69059e+09
1.77564e+09
1.86385e+09
1.95532e+09
2.05011e+09
2.1483e+09
2.24998e+09
2.35523e+09
2.46413e+09
2.57676e+09
2.69321e+09
2.81356e+09
2.9379e+09
3.06632e+09
3.1989e+09
3.33573e+09
3.47691e+09
3.62253e+09
3.77267e+09
3.92743e+09
